cl__1 = 0.2;
Point(1) = {0.209923304390169, 0.2889346408481955, 0, 0.2};
Point(2) = {0.1811352840183301, 0.3554980113320338, 0, 0.2};
Point(3) = {0.1545084971874737, 0.4755282581475767, 0, 0.2};
Point(4) = {0.09401949981172078, 0.5936157593452418, 0, 0.2};
Point(5) = {3.936364711545064e-17, 0.6428571428571428, 0, 0.2};
Point(6) = {-0.09401949981172072, 0.5936157593452419, 0, 0.2};
Point(7) = {-0.1545084971874737, 0.4755282581475768, 0, 0.2};
Point(8) = {-0.18113528401833, 0.3554980113320338, 0, 0.2};
Point(9) = {-0.2099233043901689, 0.2889346408481955, 0, 0.2};
Point(11) = {-0.2821248191647022, 0.2821248191647023, 0, 0.2};
Point(12) = {-0.4045084971874736, 0.2938926261462366, 0, 0.2};
Point(13) = {-0.5355085128563339, 0.2728552157212167, 0, 0.2};
Point(14) = {-0.6113934747611701, 0.1986537820981805, 0, 0.2};
Point(15) = {-0.5936157593452418, 0.09401949981172082, 0, 0.2};
Point(16) = {-0.5000000000000001, 6.123233995736767e-17, 0, 0.2};
Point(17) = {-0.394072581249896, -0.06241496522851007, 0, 0.2};
Point(18) = {-0.3396630415339835, -0.1103632122767669, 0, 0.2};
Point(20) = {-0.3554980113320337, -0.18113528401833, 0, 0.2};
Point(21) = {-0.4045084971874737, -0.2938926261462365, 0, 0.2};
Point(22) = {-0.4249819620218453, -0.4249819620218452, 0, 0.2};
Point(23) = {-0.3778619479023042, -0.5200823535267518, 0, 0.2};
Point(24) = {-0.2728552157212168, -0.5355085128563341, 0, 0.2};
Point(25) = {-0.1545084971874738, -0.4755282581475769, 0, 0.2};
Point(26) = {-0.06241496522851019, -0.3940725812498959, 0, 0.2};
Point(27) = {-6.560607852575106e-17, -0.3571428571428572, 0, 0.2};
Point(29) = {0.06241496522851003, -0.3940725812498958, 0, 0.2};
Point(30) = {0.1545084971874736, -0.4755282581475767, 0, 0.2};
Point(31) = {0.2728552157212166, -0.5355085128563341, 0, 0.2};
Point(32) = {0.377861947902304, -0.5200823535267519, 0, 0.2};
Point(33) = {0.4249819620218452, -0.4249819620218455, 0, 0.2};
Point(34) = {0.4045084971874738, -0.2938926261462367, 0, 0.2};
Point(35) = {0.3554980113320338, -0.1811352840183302, 0, 0.2};
Point(36) = {0.3396630415339834, -0.110363212276767, 0, 0.2};
Point(38) = {0.3940725812498957, -0.06241496522851018, 0, 0.2};
Point(39) = {0.4999999999999998, -1.224646799147353e-16, 0, 0.2};
Point(40) = {0.5936157593452414, 0.09401949981172052, 0, 0.2};
Point(41) = {0.6113934747611701, 0.1986537820981803, 0, 0.2};
Point(42) = {0.5355085128563343, 0.2728552157212167, 0, 0.2};
Point(43) = {0.4045084971874743, 0.2938926261462368, 0, 0.2};
Point(44) = {0.2821248191647024, 0.2821248191647023, 0, 0.2};
Spline(1) = {1, 2, 3, 4, 5, 6, 7, 8
, 9};
Spline(2) = {9, 11, 12, 13, 14, 15, 16, 17
, 18};
Spline(3) = {18, 20, 21, 22, 23, 24, 25, 26
, 27};
Spline(4) = {27, 29, 30, 31, 32, 33, 34, 35
, 36};
Spline(5) = {36, 38, 39, 40, 41, 42, 43, 44
, 1};
Line Loop(7) = {1, 2, 3, 4, 5};
Plane Surface(7) = {7};
Physical Surface(8) = {7};
